env_step,episode_reward,step
15.0,15.0,1
31.0,16.0,2
43.0,12.0,3
70.0,27.0,4
87.0,17.0,5
101.0,14.0,6
223.0,122.0,7
236.0,13.0,8
329.0,93.0,9
529.0,200.0,10
729.0,200.0,11
929.0,200.0,12
1129.0,200.0,13
1329.0,200.0,14
1529.0,200.0,15
1729.0,200.0,16
1929.0,200.0,17
2129.0,200.0,18
2329.0,200.0,19
2529.0,200.0,20
2729.0,200.0,21
2929.0,200.0,22
3129.0,200.0,23
