env_step,episode_reward,step
14.0,14.0,1
32.0,18.0,2
46.0,14.0,3
86.0,40.0,4
125.0,39.0,5
149.0,24.0,6
349.0,200.0,7
549.0,200.0,8
749.0,200.0,9
949.0,200.0,10
1149.0,200.0,11
1349.0,200.0,12
1549.0,200.0,13
1749.0,200.0,14
1949.0,200.0,15
2149.0,200.0,16
2349.0,200.0,17
2549.0,200.0,18
2749.0,200.0,19
2949.0,200.0,20
3149.0,200.0,21
