env_step,episode_reward,step
24.0,24.0,1
40.0,16.0,2
67.0,27.0,3
90.0,23.0,4
108.0,18.0,5
124.0,16.0,6
148.0,24.0,7
348.0,200.0,8
548.0,200.0,9
748.0,200.0,10
948.0,200.0,11
1148.0,200.0,12
1348.0,200.0,13
1548.0,200.0,14
1748.0,200.0,15
1948.0,200.0,16
2148.0,200.0,17
2348.0,200.0,18
2548.0,200.0,19
2748.0,200.0,20
2948.0,200.0,21
3148.0,200.0,22
