env_step,episode_reward,step
14.0,14.0,1
25.0,11.0,2
38.0,13.0,3
51.0,13.0,4
61.0,10.0,5
72.0,11.0,6
82.0,10.0,7
92.0,10.0,8
103.0,11.0,9
118.0,15.0,10
132.0,14.0,11
146.0,14.0,12
161.0,15.0,13
200.0,39.0,14
290.0,90.0,15
490.0,200.0,16
690.0,200.0,17
890.0,200.0,18
1090.0,200.0,19
1290.0,200.0,20
1490.0,200.0,21
1690.0,200.0,22
1890.0,200.0,23
2090.0,200.0,24
2290.0,200.0,25
2490.0,200.0,26
2690.0,200.0,27
2890.0,200.0,28
3090.0,200.0,29
