env_step,episode_reward,step
17.0,17.0,1
45.0,28.0,2
96.0,51.0,3
119.0,23.0,4
131.0,12.0,5
145.0,14.0,6
160.0,15.0,7
182.0,22.0,8
210.0,28.0,9
288.0,78.0,10
488.0,200.0,11
688.0,200.0,12
888.0,200.0,13
1088.0,200.0,14
1288.0,200.0,15
1488.0,200.0,16
1688.0,200.0,17
1888.0,200.0,18
2088.0,200.0,19
2288.0,200.0,20
2488.0,200.0,21
2688.0,200.0,22
2888.0,200.0,23
3088.0,200.0,24
