env_step,episode_reward,step
28.0,28.0,1
51.0,23.0,2
142.0,91.0,3
288.0,146.0,4
459.0,171.0,5
604.0,145.0,6
721.0,117.0,7
921.0,200.0,8
1061.0,140.0,9
1261.0,200.0,10
1461.0,200.0,11
1661.0,200.0,12
1861.0,200.0,13
2061.0,200.0,14
2261.0,200.0,15
2461.0,200.0,16
2661.0,200.0,17
2861.0,200.0,18
3061.0,200.0,19
