env_step,episode_reward,step
21.0,21.0,1
63.0,42.0,2
79.0,16.0,3
95.0,16.0,4
112.0,17.0,5
126.0,14.0,6
138.0,12.0,7
151.0,13.0,8
240.0,89.0,9
440.0,200.0,10
640.0,200.0,11
840.0,200.0,12
1040.0,200.0,13
1240.0,200.0,14
1440.0,200.0,15
1640.0,200.0,16
1840.0,200.0,17
2040.0,200.0,18
2240.0,200.0,19
2440.0,200.0,20
2640.0,200.0,21
2840.0,200.0,22
3040.0,200.0,23
