env_step,episode_reward,step
23.0,23.0,1
64.0,41.0,2
77.0,13.0,3
88.0,11.0,4
100.0,12.0,5
120.0,20.0,6
138.0,18.0,7
153.0,15.0,8
178.0,25.0,9
202.0,24.0,10
383.0,181.0,11
472.0,89.0,12
672.0,200.0,13
872.0,200.0,14
1072.0,200.0,15
1272.0,200.0,16
1472.0,200.0,17
1672.0,200.0,18
1872.0,200.0,19
2072.0,200.0,20
2272.0,200.0,21
2472.0,200.0,22
2672.0,200.0,23
2872.0,200.0,24
3072.0,200.0,25
