env_step,episode_reward,step
18.0,18.0,1
36.0,18.0,2
58.0,22.0,3
122.0,64.0,4
322.0,200.0,5
479.0,157.0,6
679.0,200.0,7
879.0,200.0,8
1079.0,200.0,9
1279.0,200.0,10
1479.0,200.0,11
1679.0,200.0,12
1879.0,200.0,13
2079.0,200.0,14
2279.0,200.0,15
2479.0,200.0,16
2679.0,200.0,17
2879.0,200.0,18
3079.0,200.0,19
